	3547.000000
	3567.000000
	3573.000000
	3478.000000
	3560.000000
	3713.000000
	3596.000000
	3588.000000
	3666.000000
	3591.000000
	3702.000000
	3603.000000
	3523.000000
	3527.000000
	3709.000000
	3667.000000
	3677.000000
	3435.000000
	3613.000000
	3523.000000
	3585.000000
	3772.000000
	3619.000000
	3562.000000
	3534.000000
	3680.000000
	3555.000000
	3489.000000
	3785.000000
	3595.000000
	3476.000000
	3598.000000
	3521.000000
	3597.000000
	3691.000000
	3583.000000
	3651.000000
	3625.000000
	3582.000000
	3589.000000
	3551.000000
	3447.000000
	3494.000000
	3494.000000
	3446.000000
	3629.000000
	3619.000000
	3502.000000
	3590.000000
	3391.000000
	3548.000000
	3674.000000
	3633.000000
	3553.000000
	3743.000000
	3544.000000
	3655.000000
	3553.000000
	3648.000000
	3798.000000
	3628.000000
	3472.000000
	3524.000000
	3606.000000
	3598.000000
	3600.000000
	3650.000000
	3668.000000
	3475.000000
	3526.000000
	3587.000000
	3644.000000
	3597.000000
	3767.000000
	3545.000000
	3767.000000
	3511.000000
	3605.000000
	3694.000000
	3562.000000
	3623.000000
	3631.000000
	3792.000000
	3709.000000
	3540.000000
	3690.000000
	3417.000000
	3617.000000
	3512.000000
	3566.000000
	3611.000000
	3790.000000
	3590.000000
	3691.000000
	3599.000000
	3637.000000
	3630.000000
	3526.000000
	3478.000000
	3531.000000
