	946.000000
	945.000000
	887.000000
	911.000000
	882.000000
	854.000000
	927.000000
	864.000000
	925.000000
	868.000000
	818.000000
	917.000000
	928.000000
	874.000000
	913.000000
	966.000000
	901.000000
	899.000000
	939.000000
	939.000000
	896.000000
	927.000000
	862.000000
	967.000000
	844.000000
	845.000000
	863.000000
	999.000000
	875.000000
	876.000000
	894.000000
	937.000000
	886.000000
	866.000000
	956.000000
	887.000000
	868.000000
	951.000000
	892.000000
	876.000000
	857.000000
	840.000000
	936.000000
	933.000000
	983.000000
	960.000000
	931.000000
	937.000000
	883.000000
	938.000000
	878.000000
	986.000000
	930.000000
	919.000000
	884.000000
	880.000000
	775.000000
	909.000000
	923.000000
	917.000000
	927.000000
	888.000000
	874.000000
	893.000000
	971.000000
	831.000000
	879.000000
	907.000000
	903.000000
	889.000000
	905.000000
	892.000000
	922.000000
	903.000000
	842.000000
	933.000000
	949.000000
	912.000000
	947.000000
	907.000000
	847.000000
	865.000000
	912.000000
	961.000000
	946.000000
	905.000000
	914.000000
	933.000000
	936.000000
	925.000000
	845.000000
	970.000000
	929.000000
	883.000000
	823.000000
	921.000000
	879.000000
	950.000000
	881.000000
	941.000000
