	1797.000000
	1848.000000
	1799.000000
	1743.000000
	1834.000000
	1866.000000
	1786.000000
	1803.000000
	1872.000000
	1792.000000
	1824.000000
	1895.000000
	1857.000000
	1758.000000
	1753.000000
	1778.000000
	1787.000000
	1766.000000
	1798.000000
	1832.000000
	1817.000000
	1863.000000
	1783.000000
	1801.000000
	1876.000000
	1765.000000
	1712.000000
	1751.000000
	1892.000000
	1786.000000
	1722.000000
	1814.000000
	1800.000000
	1734.000000
	1908.000000
	1735.000000
	1784.000000
	1890.000000
	1799.000000
	1853.000000
	1858.000000
	1833.000000
	1882.000000
	1824.000000
	1701.000000
	1790.000000
	1766.000000
	1711.000000
	1722.000000
	1886.000000
	1752.000000
	1836.000000
	1791.000000
	1741.000000
	1880.000000
	1761.000000
	1852.000000
	1788.000000
	1843.000000
	1793.000000
	1697.000000
	1831.000000
	1758.000000
	1898.000000
	1730.000000
	1737.000000
	1819.000000
	1868.000000
	1862.000000
	1915.000000
	1713.000000
	1850.000000
	1835.000000
	1808.000000
	1782.000000
	1820.000000
	1860.000000
	1740.000000
	1718.000000
	1804.000000
	1771.000000
	1735.000000
	1800.000000
	1752.000000
	1775.000000
	1706.000000
	1731.000000
	1750.000000
	1760.000000
	1779.000000
	1913.000000
	1747.000000
	1713.000000
	1695.000000
	1786.000000
	1854.000000
	1860.000000
	1854.000000
	1840.000000
	1807.000000
