	428.000000
	440.000000
	456.000000
	456.000000
	419.000000
	460.000000
	466.000000
	453.000000
	412.000000
	452.000000
	428.000000
	431.000000
	414.000000
	467.000000
	397.000000
	461.000000
	403.000000
	381.000000
	442.000000
	483.000000
	484.000000
	448.000000
	432.000000
	414.000000
	454.000000
	433.000000
	440.000000
	472.000000
	475.000000
	501.000000
	451.000000
	446.000000
	476.000000
	529.000000
	509.000000
	463.000000
	429.000000
	398.000000
	429.000000
	477.000000
	429.000000
	443.000000
	480.000000
	401.000000
	428.000000
	467.000000
	491.000000
	392.000000
	421.000000
	419.000000
	479.000000
	501.000000
	445.000000
	451.000000
	452.000000
	407.000000
	453.000000
	449.000000
	474.000000
	407.000000
	453.000000
	432.000000
	525.000000
	432.000000
	453.000000
	457.000000
	470.000000
	469.000000
	419.000000
	448.000000
	458.000000
	420.000000
	447.000000
	472.000000
	405.000000
	436.000000
	453.000000
	462.000000
	434.000000
	458.000000
	426.000000
	472.000000
	479.000000
	403.000000
	434.000000
	426.000000
	479.000000
	452.000000
	420.000000
	455.000000
	483.000000
	428.000000
	402.000000
	466.000000
	464.000000
	429.000000
	459.000000
	442.000000
	422.000000
	438.000000
